0,37.721607844252425,-122.47698102146387,1,25,26
1,37.72150733299764,-122.47671380639075,0,2,43
2,37.722062662605474,-122.47658640146257,3,1
3,37.722585899157224,-122.47629906982183,4,5,2,38
4,37.72267049711728,-122.4766604974866,7,8,3,5
5,37.72277922789582,-122.47617032378913,3,4
6,37.72211490686721,-122.476936429739,25,7,9
7,37.722459930228915,-122.47677214443682,6,8,4
8,37.72273361402767,-122.47683584690094,15,4,7
9,37.72215707352875,-122.47713893651961,12,10,6
10,37.721984163543944,-122.47749131172895,23,11,24,9
11,37.72227879979436,-122.47757680714129,21,20,18,12,10
12,37.72223265522049,-122.47735250741243,11,13,9
13,37.72243977518048,-122.47735787183046,12,14,15
14,37.72296380465688,-122.47755903750658,18,13,16,15
15,37.72280389119655,-122.47698370367289,8,14,13
16,37.72335258121499,-122.47711915522814,14,17
17,37.72339607314506,-122.47689250856638,16,42
18,37.722895914407424,-122.47773773968218,37,14,20,19,11
19,37.72287947222828,-122.47825004160404,34,18,20
20,37.72263893864193,-122.47796270996331,19,18,11,21
21,37.72236949766615,-122.47800964862108,20,22,23,11
22,37.72211888485517,-122.47835632413626,29,21,23
23,37.721845729185404,-122.47790504246949,29,22,21,10,24
24,37.721765108290356,-122.47739810496569,10,23,28,25
25,37.72171392458447,-122.47714698314668,0,24,6
26,37.721503620178225,-122.47707188129426,0,27
27,37.721490360107374,-122.47728444635868,28,24,26
28,37.7216675144579,-122.47783027589321,23,24,27
29,37.72185023758816,-122.47858364135026,23,30,22
30,37.72177518590705,-122.47900441288948,31,29
31,37.722027921477014,-122.47893568128346,30,32
32,37.72224220237605,-122.47917003929615,33,31
33,37.72246390819832,-122.47905302792788,34,32
34,37.722914743350046,-122.47855179011822,33,35,19
35,37.72309640262087,-122.47897055000067,34,36
36,37.72326188454695,-122.47838884592055,37,35
37,37.72326294532733,-122.47799020260571,36,18
38,37.72244481394309,-122.47580654919146,3,39
39,37.72239760867988,-122.47533783316612,39,40,41
40,37.7233608022525,-122.47530296444893,39,42
41,37.72120128997304,-122.47546758502722,39,43
42,37.72335337679929,-122.47618909925222,17,40
43,37.72133336068813,-122.47607510536909,1,41